%YAML:1.0
---
sizeImage1: [ 864, 480 ]
sizeImage2: [ 864, 480 ]
M1: !!opencv-matrix
   rows: 3
   cols: 3
   dt: d
   data: [ 7.1639542438346348e+02, 0., 4.3391610456191012e+02, 0.,
       7.2237563328591796e+02, 2.4310069621628827e+02, 0., 0., 1. ]
D1: !!opencv-matrix
   rows: 1
   cols: 14
   dt: d
   data: [ 4.1959614487415052e-02, -1.9379898976481258e-01, 0., 0., 0.,
       0., 0., -1.2201791788141682e-01, 0., 0., 0., 0., 0., 0. ]
M2: !!opencv-matrix
   rows: 3
   cols: 3
   dt: d
   data: [ 7.1639542438346348e+02, 0., 4.2723187468148689e+02, 0.,
       7.2237563328591796e+02, 2.3461025683298257e+02, 0., 0., 1. ]
D2: !!opencv-matrix
   rows: 1
   cols: 14
   dt: d
   data: [ 2.9305503974693236e-02, -1.0376441796062293e-01, 0., 0., 0.,
       0., 0., 6.5029360999888736e-02, 0., 0., 0., 0., 0., 0. ]
R: !!opencv-matrix
   rows: 3
   cols: 3
   dt: d
   data: [ 9.9985561084081631e-01, 1.6729330274786677e-02,
       -2.9811036035513896e-03, -1.6775682182223511e-02,
       9.9972691854716023e-01, -1.6268522352092880e-02,
       2.7081280359373123e-03, 1.6316183400434770e-02,
       9.9986321474578932e-01 ]
T: !!opencv-matrix
   rows: 3
   cols: 1
   dt: d
   data: [ -9.9979362913507313e+00, 1.8153674535400399e-02,
       2.0052008460098750e-02 ]
R1: !!opencv-matrix
   rows: 3
   cols: 3
   dt: d
   data: [ 9.9987698044469997e-01, 1.4881305511343347e-02,
       -4.9568864287015150e-03, -1.4921242771253174e-02,
       9.9985570215689634e-01, -8.1198139449762067e-03,
       4.8353377286708792e-03, 8.1927779548677630e-03,
       9.9995474792534078e-01 ]
R2: !!opencv-matrix
   rows: 3
   cols: 3
   dt: d
   data: [ 9.9999634031502072e-01, -1.8157355247799170e-03,
       -2.0056074065405460e-03, 1.8320339695621286e-03,
       9.9996507151027436e-01, 8.1547171003156713e-03,
       1.9907305441692722e-03, -8.1583615975183762e-03,
       9.9996473844228351e-01 ]
P1: !!opencv-matrix
   rows: 3
   cols: 4
   dt: d
   data: [ 6.6773471775813857e+02, 0., 4.3384885406494141e+02, 0., 0.,
       6.6773471775813857e+02, 2.3873237419128418e+02, 0., 0., 0., 1.,
       0. ]
P2: !!opencv-matrix
   rows: 3
   cols: 4
   dt: d
   data: [ 6.6773471775813857e+02, 0., 4.3384885406494141e+02,
       -6.6759935997024286e+03, 0., 6.6773471775813857e+02,
       2.3873237419128418e+02, 0., 0., 0., 1., 0. ]
Q: !!opencv-matrix
   rows: 4
   cols: 4
   dt: d
   data: [ 1., 0., 0., -4.3384885406494141e+02, 0., 1., 0.,
       -2.3873237419128418e+02, 0., 0., 0., 6.6773471775813857e+02, 0.,
       0., 1.0002027530222643e-01, 0. ]
